((("Node" .
   [1 0 0 0])
  ("temp" .
   [1 0 0 0])
  ("continue" .
   [0 0 0 0 1 0 0 0])
  ("int" .
   [0 0 1])
  ("unordered_set" .
   [1 0 0 0 1 0 0 1 0 0 0 0 0])
  ("break" .
   [0 0 0 1 1])
  ("false" .
   [0 0 0 1 0])
  ("to_break" .
   [0 0 2 0 0 0 0 0])
  ("data" .
   [1 0 0 0])
  ("cout" .
   [1 0 0 0])
  ("python" .
   [1 0 0 0 0 0])
  ("line" .
   [1 0 0 0])
  ("numbers" .
   [0 0 0 0 1 0 0])
  ("~/.emacs.d" .
   [1 0 0 0 0 0 0 0 0 1])
  ("require" .
   [1 0 0 0 0 0 0])
  ("console" .
   [2 0 0 0 0 0 0])
  ("log" .
   [2 0 0])
  ("__dirname" .
   [1 0 0 0 0 0 0 0 0])
  ("font" .
   [1 0 0 0])))
